label,lat,lon,input,to,from
640763861_bank,53.36448,-6.48793,0.0,1595.0,1570.0
664134262_bank,53.36417,-6.48574,0.0,1596.0,1571.0
269516693_bank,53.35641,-6.45094,0.0,1454.0,1433.0
506821883_bank,53.35699,-6.45033,0.0,1494.0,1473.0
506820008_bank,53.35732,-6.45005,0.0,1476.0,1452.0
836241894_bank,53.35904,-6.44599,0.0,1456.0,1429.0
1421925391_bank,53.35348,-6.39078,0.0,1377.0,1390.0
640777155_bank,53.40558,-6.37846,0.0,-1.0,-1.0
142681157_bank,53.38586,-6.37425,0.0,1153.0,1146.0
325750297_bank,53.35565,-6.36908,0.0,1281.0,1307.0
848714318_bank,53.35134,-6.36786,0.0,1267.0,1289.0
292365438_bank,53.28717,-6.36251,0.0,1662.0,1631.0
292365522_bank,53.2872,-6.36183,0.0,1651.0,1620.0
292369382_bank,53.28806,-6.35729,0.0,1637.0,1606.0
1121462423_bank,53.34258,-6.35379,0.0,1435.0,1470.0
458220912_bank,53.28167,-6.34014,0.0,1773.0,1747.0
702781376_bank,53.3164,-6.31716,0.0,1544.0,1545.0
882292484_bank,53.32769,-6.30754,0.0,1435.0,1434.0
282964752_bank,53.29873,-6.30271,0.0,1616.0,1582.0
1425374411_bank,53.29635,-6.29748,0.0,1689.0,1654.0
1425374419_bank,53.29696,-6.29713,0.0,1689.0,1654.0
1425374423_bank,53.2983,-6.28611,0.0,1582.0,1552.0
1425374408_bank,53.2998,-6.2848,0.0,1558.0,1523.0
1425374425_bank,53.29998,-6.28404,0.0,1566.0,1531.0
1430846964_bank,53.30965,-6.28386,0.0,1466.0,1431.0
1020103388_bank,53.36128,-6.28355,0.0,1075.0,1052.0
632707895_bank,53.34655,-6.27925,0.0,1119.0,1097.0
632644411_bank,53.34643,-6.27814,0.0,1120.0,1092.0
849784690_bank,53.33232,-6.27428,0.0,1264.0,1227.0
972063358_bank,53.36108,-6.27293,0.0,1082.0,1025.0
972063361_bank,53.36125,-6.27292,0.0,1067.0,1010.0
970300216_bank,53.36116,-6.27249,0.0,1083.0,1030.0
262397827_bank,53.36083,-6.27172,0.0,1032.0,1009.0
442397196_bank,53.34853,-6.26905,0.0,1075.0,1096.0
739766942_bank,53.33617,-6.26556,0.0,1226.0,1179.0
715732955_bank,53.3226,-6.26548,0.0,1386.0,1318.0
739756788_bank,53.33564,-6.26546,0.0,1237.0,1190.0
778699202_bank,53.33238,-6.26493,0.0,1276.0,1216.0
467744836_bank,53.3523,-6.26175,0.0,1065.0,1034.0
467744900_bank,53.3599,-6.26142,0.0,970.0,947.0
445431810_bank,53.34109,-6.26075,0.0,1229.0,1178.0
1348371072_bank,53.3439,-6.26065,0.0,1191.0,1068.0
560989708_bank,53.3432,-6.25961,0.0,-1.0,1068.0
1123319211_bank,53.34852,-6.25936,0.0,1078.0,1034.0
279912238_bank,53.34798,-6.25913,0.0,1108.0,1069.0
1348370985_bank,53.34772,-6.259,0.0,1086.0,1092.0
441995191_bank,53.36325,-6.25782,0.0,937.0,917.0
641232440_bank,53.36694,-6.25562,0.0,914.0,894.0
564076260_bank,53.32519,-6.25544,0.0,1368.0,1311.0
642990281_bank,53.36767,-6.25527,0.0,916.0,896.0
291601540_bank,53.33839,-6.25515,0.0,1267.0,1209.0
650378458_bank,53.32552,-6.25489,0.0,1353.0,1296.0
612418021_bank,53.3473,-6.25341,0.0,1123.0,1087.0
646866967_bank,53.32438,-6.25236,0.0,1355.0,1320.0
291633761_bank,53.33744,-6.25138,0.0,1242.0,1247.0
298515362_bank,53.34977,-6.25019,0.0,1167.0,1146.0
558678481_bank,53.34427,-6.2494,0.0,1158.0,1129.0
565601399_bank,53.33631,-6.2477,0.0,1269.0,1250.0
1463130383_bank,53.38083,-6.24576,0.0,851.0,833.0
298526605_bank,53.39528,-6.24564,0.0,867.0,834.0
1336631745_bank,53.34822,-6.2456,0.0,1165.0,1144.0
1318857761_bank,53.30331,-6.24548,0.0,-1.0,-1.0
921832745_bank,53.46063,-6.24525,0.0,677.0,644.0
679924376_bank,53.34907,-6.24392,0.0,1145.0,1185.0
927235328_bank,53.45301,-6.2432,0.0,639.0,624.0
664821063_bank,53.32505,-6.24154,0.0,1333.0,1297.0
1496779540_bank,53.38174,-6.24144,0.0,863.0,843.0
1508853548_bank,53.36267,-6.2393,0.0,1054.0,1044.0
441994992_bank,53.36057,-6.23919,0.0,1036.0,1016.0
278007633_bank,53.43143,-6.22933,0.0,694.0,738.0
923913615_bank,53.45693,-6.22143,0.0,456.0,443.0
922022539_bank,53.45813,-6.22078,0.0,468.0,453.0
923907715_bank,53.45826,-6.22073,0.0,476.0,461.0
912784526_bank,53.45842,-6.2203,0.0,458.0,443.0
913431549_bank,53.46081,-6.21895,0.0,502.0,489.0
1500542352_bank,53.2781,-6.2173,0.0,-1.0,-1.0
1500542383_bank,53.27801,-6.21615,0.0,-1.0,-1.0
654042898_bank,53.33257,-6.21553,0.0,1397.0,1377.0
340118552_bank,53.30879,-6.21503,0.0,1509.0,1499.0
698677330_bank,53.31751,-6.20826,0.0,1504.0,1465.0
567038327_bank,53.27732,-6.20656,0.0,1811.0,1881.0
1241999449_bank,53.30216,-6.17914,0.0,1641.0,1652.0
662938379_bank,53.30176,-6.17782,0.0,1629.0,1640.0
662938724_bank,53.30119,-6.17733,0.0,1648.0,1656.0
662938676_bank,53.30127,-6.1771,0.0,1646.0,1654.0
1456300012_bank,53.38046,-6.17247,0.0,790.0,771.0
944053489_bank,53.45073,-6.15415,0.0,71.0,49.0
944053480_bank,53.45054,-6.15377,0.0,70.0,49.0
944053455_bank,53.45088,-6.15343,0.0,57.0,36.0
944053511_bank,53.45065,-6.15286,0.0,71.0,50.0
606977264_bank,53.2921,-6.13587,0.0,1834.0,1825.0
594872860_bank,53.29226,-6.13574,0.0,1834.0,1825.0
593844433_bank,53.29186,-6.13484,0.0,1853.0,1848.0
431153394_bank,53.2916,-6.13417,0.0,1863.0,1856.0
370330157_bank,53.38975,-6.11032,0.0,-1.0,-1.0
370330071_bank,53.38973,-6.10998,0.0,-1.0,-1.0
751682809_convenience_shop,53.30014,-6.50363,0.0,2120.0,2098.0
751682817_convenience_shop,53.29599,-6.49232,0.0,1960.0,1909.0
640767598_convenience_shop,53.36422,-6.48844,0.0,1605.0,1580.0
664126419_convenience_shop,53.3649,-6.48844,0.0,1601.0,1576.0
1470712172_convenience_shop,53.36435,-6.48785,0.0,1584.0,1559.0
664132892_convenience_shop,53.3639,-6.48755,0.0,1611.0,1586.0
664135381_convenience_shop,53.36442,-6.48651,0.0,1580.0,1553.0
854872013_convenience_shop,53.36412,-6.48538,0.0,1617.0,1592.0
548050889_convenience_shop,53.28316,-6.46865,0.0,1710.0,1838.0
528235797_convenience_shop,53.352,-6.46208,0.0,1492.0,1515.0
674208258_convenience_shop,53.33261,-6.45554,0.0,1615.0,1605.0
528235803_convenience_shop,53.34154,-6.45172,0.0,1486.0,1476.0
506821597_convenience_shop,53.35678,-6.4505,0.0,1475.0,1454.0
981443543_convenience_shop,53.35954,-6.43156,0.0,1411.0,1384.0
632915094_convenience_shop,53.34191,-6.42344,0.0,1536.0,1542.0
1424006130_convenience_shop,53.29076,-6.42106,0.0,1689.0,1682.0
794476260_convenience_shop,53.38288,-6.40961,0.0,1354.0,1356.0
746742520_convenience_shop,53.40554,-6.39345,0.0,1365.0,1322.0
640776117_convenience_shop,53.40544,-6.37859,0.0,-1.0,-1.0
301128077_convenience_shop,53.37791,-6.37689,0.0,1296.0,1291.0
559162555_convenience_shop,53.4287,-6.37482,0.0,-1.0,-1.0
1424006116_convenience_shop,53.27169,-6.37197,0.0,1825.0,1810.0
325762143_convenience_shop,53.35565,-6.37096,0.0,1229.0,1257.0
681469554_convenience_shop,53.35143,-6.36851,0.0,1272.0,1294.0
297812081_convenience_shop,53.39327,-6.3677,0.0,1245.0,1236.0
937866721_convenience_shop,53.30788,-6.36731,0.0,1539.0,1517.0
1420913322_convenience_shop,53.27609,-6.35337,0.0,-1.0,-1.0
300247465_convenience_shop,53.32368,-6.35086,0.0,1494.0,1587.0
944927474_convenience_shop,53.28682,-6.34595,0.0,1696.0,1761.0
681475030_convenience_shop,53.3499,-6.34526,0.0,1396.0,1435.0
293524418_convenience_shop,53.27474,-6.34505,0.0,1700.0,1677.0
292370915_convenience_shop,53.28942,-6.33585,0.0,1603.0,1520.0
1424006131_convenience_shop,53.2758,-6.33062,0.0,1635.0,1608.0
1423523492_convenience_shop,53.37814,-6.32657,0.0,1313.0,1325.0
967682744_convenience_shop,53.37067,-6.32403,0.0,1214.0,1190.0
872685147_convenience_shop,53.33866,-6.32195,0.0,1308.0,1266.0
967681714_convenience_shop,53.36894,-6.31813,0.0,1217.0,1193.0
870020014_convenience_shop,53.27855,-6.31696,0.0,1654.0,1652.0
1159022123_convenience_shop,53.37665,-6.31643,0.0,1282.0,1326.0
988809528_convenience_shop,53.31945,-6.31265,0.0,1513.0,1514.0
516017747_convenience_shop,53.33985,-6.3079,0.0,1269.0,1303.0
516148390_convenience_shop,53.33898,-6.30768,0.0,1253.0,1289.0
369369191_convenience_shop,53.33869,-6.29987,0.0,1288.0,1294.0
369368754_convenience_shop,53.33613,-6.29857,0.0,1311.0,1312.0
644739980_convenience_shop,53.39022,-6.29775,0.0,1038.0,1053.0
739980597_convenience_shop,53.4013,-6.2964,0.0,1049.0,1059.0
248741417_convenience_shop,53.28443,-6.29525,0.0,1727.0,1688.0
1425374586_convenience_shop,53.28193,-6.29495,0.0,1811.0,1772.0
984249246_convenience_shop,53.3482,-6.29445,0.0,1174.0,1142.0
369369673_convenience_shop,53.34244,-6.29416,0.0,1234.0,1230.0
1426100434_convenience_shop,53.33332,-6.29193,0.0,1285.0,1286.0
369367159_convenience_shop,53.33399,-6.29082,0.0,1274.0,1275.0
882293752_convenience_shop,53.34332,-6.28918,0.0,1181.0,1173.0
1320101689_convenience_shop,53.27818,-6.28889,0.0,1846.0,1804.0
890728259_convenience_shop,53.34068,-6.2877,0.0,1204.0,1192.0
1266621892_convenience_shop,53.34337,-6.28685,0.0,1217.0,1213.0
768231198_convenience_shop,53.33722,-6.28661,0.0,1219.0,1220.0
1484734457_convenience_shop,53.39068,-6.2864,0.0,1091.0,1072.0
700425967_convenience_shop,53.29851,-6.28595,0.0,1577.0,1549.0
1414422628_convenience_shop,53.33594,-6.28447,0.0,1242.0,1235.0
984249326_convenience_shop,53.34984,-6.28387,0.0,1129.0,1098.0
878495556_convenience_shop,53.31026,-6.28354,0.0,1453.0,1418.0
738998636_convenience_shop,53.35107,-6.28269,0.0,1139.0,1104.0
616036097_convenience_shop,53.35061,-6.28186,0.0,1115.0,1084.0
1426048608_convenience_shop,53.34322,-6.28052,0.0,1142.0,1135.0
912051636_convenience_shop,53.33943,-6.28021,0.0,1180.0,1172.0
976944637_convenience_shop,53.34996,-6.28,0.0,1100.0,1078.0
1408449875_convenience_shop,53.33843,-6.27994,0.0,1205.0,1195.0
948542553_convenience_shop,53.38773,-6.27971,0.0,1069.0,1048.0
1473502330_convenience_shop,53.34263,-6.27911,0.0,1153.0,1132.0
1322638073_convenience_shop,53.31838,-6.27907,0.0,1373.0,1338.0
583383800_convenience_shop,53.32265,-6.27898,0.0,1335.0,1302.0
369367336_convenience_shop,53.33163,-6.27898,0.0,1261.0,1226.0
1473450267_convenience_shop,53.34275,-6.27888,0.0,1146.0,1125.0
552414179_convenience_shop,53.38271,-6.27692,0.0,1071.0,1067.0
1473487754_convenience_shop,53.34311,-6.27629,0.0,1123.0,1102.0
665822801_convenience_shop,53.32928,-6.2756,0.0,1267.0,1232.0
1226174524_convenience_shop,53.34321,-6.27554,0.0,1119.0,1098.0
650447155_convenience_shop,53.34821,-6.27501,0.0,1091.0,1070.0
632564177_convenience_shop,53.35005,-6.2745,0.0,1056.0,1035.0
1408500947_convenience_shop,53.33927,-6.27395,0.0,1194.0,1164.0
849784678_convenience_shop,53.33231,-6.27372,0.0,1249.0,1214.0
583256888_convenience_shop,53.33728,-6.27279,0.0,1206.0,1171.0
639845339_convenience_shop,53.3633,-6.2726,0.0,1061.0,1034.0
639839999_convenience_shop,53.36161,-6.27254,0.0,1079.0,1026.0
616043040_convenience_shop,53.33913,-6.27246,0.0,1190.0,1155.0
1099868776_convenience_shop,53.34118,-6.27243,0.0,1175.0,1140.0
1439443400_convenience_shop,53.36617,-6.27209,0.0,1059.0,1042.0
1484733483_convenience_shop,53.38972,-6.27191,0.0,1006.0,984.0
1514079573_convenience_shop,53.34316,-6.27037,0.0,1137.0,1109.0
635273555_convenience_shop,53.35105,-6.27028,0.0,1030.0,1009.0
369367922_convenience_shop,53.33234,-6.26929,0.0,1254.0,1223.0
552414039_convenience_shop,53.37427,-6.26885,0.0,1032.0,1028.0
688912012_convenience_shop,53.3707,-6.2685,0.0,1049.0,1029.0
768516994_convenience_shop,53.3474,-6.26835,0.0,1079.0,1076.0
639848073_convenience_shop,53.37252,-6.26824,0.0,1041.0,1021.0
479100381_convenience_shop,53.34462,-6.26734,0.0,1106.0,1128.0
660279379_convenience_shop,53.32207,-6.26716,0.0,1416.0,1347.0
911170197_convenience_shop,53.33751,-6.26682,0.0,1212.0,1169.0
1496722628_convenience_shop,53.38579,-6.26583,0.0,1016.0,999.0
503224344_convenience_shop,53.34068,-6.26577,0.0,1171.0,1124.0
637009054_convenience_shop,53.37146,-6.2657,0.0,992.0,972.0
564926472_convenience_shop,53.31611,-6.26537,0.0,1443.0,1375.0
631699041_convenience_shop,53.34743,-6.26534,0.0,1129.0,1074.0
564926467_convenience_shop,53.31601,-6.26534,0.0,1442.0,1374.0
564926459_convenience_shop,53.31574,-6.26522,0.0,1445.0,1377.0
1426048637_convenience_shop,53.3267,-6.26517,0.0,1350.0,1282.0
549665002_convenience_shop,53.34406,-6.26475,0.0,1134.0,1121.0
1426048718_convenience_shop,53.33253,-6.26473,0.0,1264.0,1204.0
1426048691_convenience_shop,53.32906,-6.26466,0.0,1313.0,1245.0
1406173509_convenience_shop,53.33923,-6.26434,0.0,1193.0,1136.0
480606959_convenience_shop,53.35115,-6.26362,0.0,1062.0,1023.0
311100348_convenience_shop,53.34714,-6.26333,0.0,1108.0,1053.0
588554610_convenience_shop,53.36017,-6.26324,0.0,985.0,962.0
641810199_convenience_shop,53.34281,-6.26286,0.0,1170.0,1103.0
729285505_convenience_shop,53.37891,-6.2623,0.0,950.0,930.0
311993478_convenience_shop,53.32735,-6.26167,0.0,1342.0,1271.0
659031076_convenience_shop,53.35959,-6.26111,0.0,970.0,950.0
1348371013_convenience_shop,53.35246,-6.26104,0.0,1079.0,1035.0
646869831_convenience_shop,53.33105,-6.26091,0.0,1332.0,1275.0
781486939_convenience_shop,53.34011,-6.2609,0.0,-1.0,1246.0
1428337341_convenience_shop,53.36326,-6.26028,0.0,956.0,945.0
1423586898_convenience_shop,53.34358,-6.25954,0.0,-1.0,1083.0
1423586903_convenience_shop,53.34393,-6.25942,0.0,1229.0,1103.0
664450176_convenience_shop,53.36204,-6.25941,0.0,962.0,936.0
664810672_convenience_shop,53.3594,-6.25911,0.0,997.0,976.0
1488891293_convenience_shop,53.35252,-6.25897,0.0,1069.0,1044.0
434153486_convenience_shop,53.34294,-6.25844,0.0,-1.0,-1.0
1517611762_convenience_shop,53.36324,-6.25828,0.0,-1.0,-1.0
1496775245_convenience_shop,53.38522,-6.2582,0.0,-1.0,-1.0
470326863_convenience_shop,53.35426,-6.2572,0.0,1033.0,1012.0
760422938_convenience_shop,53.28775,-6.25661,0.0,1781.0,1746.0
928004583_convenience_shop,53.36306,-6.2565,0.0,945.0,925.0
1529922571_convenience_shop,53.39863,-6.25633,0.0,918.0,885.0
1252914083_convenience_shop,53.37423,-6.25549,0.0,912.0,892.0
642990341_convenience_shop,53.36719,-6.25522,0.0,928.0,908.0
1350207392_convenience_shop,53.36734,-6.25518,0.0,925.0,905.0
311990080_convenience_shop,53.32543,-6.25517,0.0,1364.0,1307.0
1362728153_convenience_shop,53.38802,-6.25515,0.0,992.0,981.0
567263631_convenience_shop,53.34565,-6.25508,0.0,1167.0,1097.0
470326882_convenience_shop,53.35803,-6.25452,0.0,1020.0,999.0
660192815_convenience_shop,53.36921,-6.25441,0.0,934.0,945.0
646867373_convenience_shop,53.32518,-6.25438,0.0,1357.0,1304.0
1517611768_convenience_shop,53.36186,-6.25414,0.0,970.0,950.0
1348263264_convenience_shop,53.33837,-6.25412,0.0,1268.0,1252.0
512531378_convenience_shop,53.32494,-6.25392,0.0,1353.0,1308.0
560470678_convenience_shop,53.35093,-6.25251,0.0,1086.0,1049.0
279042312_convenience_shop,53.37293,-6.25221,0.0,901.0,881.0
489185703_convenience_shop,53.34566,-6.25183,0.0,1130.0,1128.0
662981991_convenience_shop,53.35009,-6.25099,0.0,1100.0,1089.0
1416734130_convenience_shop,53.28413,-6.25069,0.0,1830.0,1785.0
836190815_convenience_shop,53.35151,-6.25016,0.0,1087.0,1066.0
641801480_convenience_shop,53.34297,-6.24986,0.0,1166.0,1135.0
650355079_convenience_shop,53.35137,-6.24944,0.0,1169.0,1148.0
724163698_convenience_shop,53.34944,-6.24855,0.0,1136.0,1115.0
486924408_convenience_shop,53.35753,-6.24854,0.0,1048.0,1027.0
1332667666_convenience_shop,53.37786,-6.24725,0.0,876.0,-1.0
650355529_convenience_shop,53.35503,-6.2469,0.0,1054.0,1033.0
612976509_convenience_shop,53.31332,-6.2466,0.0,1486.0,1444.0
642405045_convenience_shop,53.33934,-6.24594,0.0,1225.0,1205.0
1496777112_convenience_shop,53.38833,-6.24584,0.0,883.0,870.0
775278113_convenience_shop,53.46035,-6.24568,0.0,661.0,630.0
1226162403_convenience_shop,53.34543,-6.24532,0.0,1158.0,1177.0
1350754906_convenience_shop,53.27911,-6.2453,0.0,1820.0,1765.0
683132047_convenience_shop,53.30229,-6.24485,0.0,1608.0,1566.0
973780786_convenience_shop,53.33363,-6.24476,0.0,1283.0,1268.0
1497890061_convenience_shop,53.34935,-6.24469,0.0,1122.0,1180.0
647995897_convenience_shop,53.33337,-6.24436,0.0,1301.0,1282.0
574814150_convenience_shop,53.44481,-6.24394,0.0,638.0,627.0
1508826450_convenience_shop,53.36106,-6.24293,0.0,1022.0,1002.0
760250448_convenience_shop,53.26857,-6.24288,0.0,1990.0,2046.0
278011396_convenience_shop,53.42795,-6.2428,0.0,808.0,790.0
244445751_convenience_shop,53.36241,-6.24261,0.0,1021.0,1017.0
947961039_convenience_shop,53.3383,-6.24245,0.0,1231.0,1211.0
1497890060_convenience_shop,53.34907,-6.24236,0.0,1152.0,1172.0
1496779548_convenience_shop,53.38178,-6.24163,0.0,852.0,832.0
1432810101_convenience_shop,53.33775,-6.2415,0.0,1248.0,1226.0
1496779550_convenience_shop,53.38151,-6.24047,0.0,859.0,839.0
1508853551_convenience_shop,53.36269,-6.24,0.0,1031.0,1021.0
486924401_convenience_shop,53.36523,-6.23976,0.0,1015.0,997.0
1508516246_convenience_shop,53.36242,-6.23713,0.0,1088.0,1067.0
683132043_convenience_shop,53.29843,-6.23683,0.0,1657.0,1608.0
281174254_convenience_shop,53.34419,-6.23644,0.0,-1.0,1214.0
278011351_convenience_shop,53.4234,-6.23643,0.0,797.0,800.0
1508841440_convenience_shop,53.36338,-6.23505,0.0,1070.0,1057.0
471773797_convenience_shop,53.32145,-6.2349,0.0,1357.0,1319.0
576982876_convenience_shop,53.33191,-6.23368,0.0,1381.0,1361.0
919764116_convenience_shop,53.46082,-6.23345,0.0,595.0,580.0
683113611_convenience_shop,53.29735,-6.23329,0.0,1648.0,1599.0
308961349_convenience_shop,53.34914,-6.23175,0.0,1009.0,987.0
312577430_convenience_shop,53.32915,-6.23075,0.0,1335.0,1315.0
1514262473_convenience_shop,53.2651,-6.22953,0.0,1827.0,1891.0
312565718_convenience_shop,53.3417,-6.22788,0.0,1267.0,1247.0
1508868461_convenience_shop,53.3676,-6.22742,0.0,995.0,967.0
1521570236_convenience_shop,53.35714,-6.22703,0.0,-1.0,-1.0
1496778369_convenience_shop,53.38558,-6.22623,0.0,974.0,934.0
954566827_convenience_shop,53.27021,-6.22502,0.0,1817.0,1881.0
504985175_convenience_shop,53.27628,-6.22432,0.0,1830.0,1801.0
1529939346_convenience_shop,53.39653,-6.22223,0.0,879.0,857.0
688498212_convenience_shop,53.3375,-6.22021,0.0,1344.0,1310.0
704314921_convenience_shop,53.29913,-6.21989,0.0,1599.0,1567.0
445513246_convenience_shop,53.2771,-6.21882,0.0,1823.0,1802.0
896333872_convenience_shop,53.30392,-6.2173,0.0,1560.0,1525.0
654042897_convenience_shop,53.33237,-6.21567,0.0,1397.0,1377.0
1517841971_convenience_shop,53.36301,-6.21351,0.0,1072.0,1044.0
1529996795_convenience_shop,53.38643,-6.21164,0.0,884.0,840.0
259770094_convenience_shop,53.27796,-6.21086,0.0,-1.0,-1.0
708693173_convenience_shop,53.44522,-6.21001,0.0,438.0,434.0
259770092_convenience_shop,53.27642,-6.20915,0.0,1750.0,1836.0
1116293583_convenience_shop,53.31063,-6.20776,0.0,1517.0,1505.0
1529996816_convenience_shop,53.38241,-6.20748,0.0,832.0,805.0
1432597251_convenience_shop,53.38224,-6.2054,0.0,820.0,797.0
1521660954_convenience_shop,53.38726,-6.20094,0.0,792.0,756.0
1521661131_convenience_shop,53.38968,-6.20067,0.0,749.0,716.0
1056711381_convenience_shop,53.28907,-6.20042,0.0,1618.0,1665.0
1418297159_convenience_shop,53.30423,-6.19862,0.0,1579.0,1575.0
603799484_convenience_shop,53.25857,-6.1979,0.0,1936.0,1996.0
1418305350_convenience_shop,53.30535,-6.1977,0.0,1592.0,1588.0
1521665241_convenience_shop,53.38887,-6.19509,0.0,743.0,718.0
259770616_convenience_shop,53.30072,-6.18909,0.0,1573.0,1583.0
1521608541_convenience_shop,53.36482,-6.18407,0.0,1087.0,1064.0
560623706_convenience_shop,53.60599,-6.184,0.0,1392.0,1378.0
1432780727_convenience_shop,53.38854,-6.18295,0.0,776.0,757.0
560623705_convenience_shop,53.60846,-6.18243,0.0,1395.0,1383.0
1425999498_convenience_shop,53.29755,-6.18032,0.0,1660.0,1668.0
456995794_convenience_shop,53.4554,-6.18015,0.0,219.0,210.0
662938698_convenience_shop,53.30112,-6.17728,0.0,1644.0,1652.0
560623704_convenience_shop,53.60614,-6.17698,0.0,1452.0,1440.0
486677660_convenience_shop,53.52422,-6.174,0.0,1135.0,1111.0
943865289_convenience_shop,53.45128,-6.17019,0.0,155.0,146.0
646860293_convenience_shop,53.26999,-6.1671,0.0,1718.0,1779.0
683416299_convenience_shop,53.52723,-6.1664,0.0,1173.0,1153.0
474736528_convenience_shop,53.26215,-6.16173,0.0,-1.0,-1.0
664127882_convenience_shop,53.28611,-6.1607,0.0,1792.0,1808.0
597822594_convenience_shop,53.40293,-6.15691,0.0,545.0,526.0
550381054_convenience_shop,53.45236,-6.15411,0.0,53.0,53.0
550381057_convenience_shop,53.45075,-6.154,0.0,64.0,43.0
1074293126_convenience_shop,53.26106,-6.15082,0.0,1820.0,1839.0
482107330_convenience_shop,53.38662,-6.14726,0.0,789.0,770.0
689479359_convenience_shop,53.49236,-6.13584,0.0,1097.0,1056.0
1425999499_convenience_shop,53.28726,-6.13503,0.0,1886.0,1900.0
598552822_convenience_shop,53.27951,-6.13488,0.0,1940.0,1958.0
1425999528_convenience_shop,53.29488,-6.13449,0.0,-1.0,-1.0
431495991_convenience_shop,53.29019,-6.13153,0.0,1869.0,1862.0
1528838351_convenience_shop,53.39799,-6.12721,0.0,776.0,761.0
710676597_convenience_shop,53.43372,-6.12478,0.0,361.0,338.0
311197910_convenience_shop,53.23092,-6.12423,0.0,1994.0,2055.0
311195236_convenience_shop,53.23145,-6.12379,0.0,1983.0,2044.0
598519964_convenience_shop,53.28673,-6.12201,0.0,1918.0,1922.0
311194971_convenience_shop,53.23675,-6.11908,0.0,2018.0,2103.0
598519958_convenience_shop,53.28612,-6.11833,0.0,1927.0,1933.0
689464974_convenience_shop,53.49352,-6.11151,0.0,1276.0,1237.0
370206890_convenience_shop,53.38563,-6.0653,0.0,-1.0,-1.0
633771687_library,53.34741,-6.45218,0.0,1499.0,1489.0
27474191_library,53.39073,-6.39116,0.0,1267.0,1262.0
948241448_library,53.40474,-6.37843,0.0,-1.0,-1.0
567952375_library,53.28842,-6.37329,0.0,1716.0,1696.0
634153171_library,53.29064,-6.36375,0.0,1687.0,1671.0
269239404_library,53.33148,-6.29217,0.0,1345.0,1335.0
351506286_library,53.30902,-6.28539,0.0,1455.0,1422.0
881254859_library,53.33901,-6.2706,0.0,-1.0,-1.0
877086324_library,53.34075,-6.25828,0.0,1268.0,1203.0
338625473_library,53.3843,-6.25479,0.0,1026.0,1004.0
140601500_library,53.34104,-6.25449,0.0,1318.0,1231.0
130855217_library,53.33906,-6.25038,0.0,1215.0,1199.0
1390922654_library,53.32794,-6.22952,0.0,1373.0,1343.0
1518906879_library,53.46233,-6.22931,0.0,587.0,572.0
1403122560_library,53.28975,-6.19653,0.0,1633.0,1654.0
1191185556_library,53.60853,-6.18257,0.0,1394.0,1382.0
662970896_library,53.30032,-6.17614,0.0,1657.0,1668.0
1403381657_library,53.38005,-6.17295,0.0,818.0,801.0
1403622921_library,53.27714,-6.16387,0.0,1779.0,1843.0
944053492_library,53.45068,-6.15238,0.0,74.0,53.0
311196036_library,53.23351,-6.12698,0.0,1999.0,2063.0
1362732667_library,53.52179,-6.10215,0.0,1540.0,1508.0
1403381660_library,53.38542,-6.06473,0.0,-1.0,-1.0
523648748_restaurant,53.35612,-6.4893,0.0,-1.0,-1.0
641891332_restaurant,53.36357,-6.48868,0.0,-1.0,-1.0
640767956_restaurant,53.36426,-6.48832,0.0,1598.0,1573.0
640564012_restaurant,53.36364,-6.48755,0.0,1597.0,1572.0
664134258_restaurant,53.36424,-6.4868,0.0,1576.0,1551.0
1485770414_restaurant,53.37106,-6.48678,0.0,1664.0,1639.0
506818405_restaurant,53.35539,-6.46041,0.0,1475.0,1488.0
632915084_restaurant,53.3411,-6.45191,0.0,1513.0,1503.0
506817027_restaurant,53.35613,-6.44834,0.0,1479.0,1458.0
506823736_restaurant,53.35601,-6.44824,0.0,1500.0,1479.0
653284172_restaurant,53.34047,-6.43218,0.0,1525.0,1532.0
676841919_restaurant,53.39189,-6.39264,0.0,1272.0,1267.0
676841909_restaurant,53.39159,-6.39247,0.0,1285.0,1280.0
835468674_restaurant,53.39493,-6.39102,0.0,-1.0,-1.0
835527795_restaurant,53.39512,-6.39069,0.0,-1.0,-1.0
1171865393_restaurant,53.39576,-6.39013,0.0,1231.0,1250.0
626672406_restaurant,53.42023,-6.38223,0.0,1536.0,1464.0
1484699552_restaurant,53.35806,-6.37922,0.0,1319.0,1345.0
356046116_restaurant,53.38558,-6.37469,0.0,1162.0,1157.0
568101351_restaurant,53.38398,-6.36784,0.0,1152.0,1147.0
801794199_restaurant,53.40643,-6.36763,0.0,1462.0,1425.0
911674209_restaurant,53.38068,-6.35579,0.0,1125.0,1133.0
1484094088_restaurant,53.28129,-6.34477,0.0,1812.0,1786.0
458220904_restaurant,53.28171,-6.34026,0.0,1766.0,1740.0
1472137490_restaurant,53.37585,-6.33193,0.0,-1.0,-1.0
1472137494_restaurant,53.37594,-6.33193,0.0,-1.0,-1.0
513399126_restaurant,53.33975,-6.32084,0.0,1305.0,1261.0
1431043157_restaurant,53.34175,-6.30738,0.0,1234.0,1268.0
282963700_restaurant,53.29855,-6.30408,0.0,1674.0,1641.0
282968362_restaurant,53.29398,-6.30017,0.0,1722.0,1687.0
282969385_restaurant,53.29388,-6.29987,0.0,1710.0,1675.0
739983436_restaurant,53.40164,-6.29688,0.0,1012.0,1022.0
955941218_restaurant,53.34815,-6.29335,0.0,1190.0,1160.0
629750016_restaurant,53.34177,-6.28655,0.0,1210.0,1191.0
1484699981_restaurant,53.35358,-6.28582,0.0,1152.0,1131.0
1376593008_restaurant,53.3523,-6.28421,0.0,1155.0,1122.0
738168764_restaurant,53.35237,-6.28402,0.0,1145.0,1112.0
1499519377_restaurant,53.31119,-6.2833,0.0,1448.0,1413.0
943337713_restaurant,53.31439,-6.28233,0.0,1412.0,1377.0
659681468_restaurant,53.35064,-6.2797,0.0,1088.0,1072.0
632665059_restaurant,53.34988,-6.27929,0.0,1086.0,1090.0
1322638040_restaurant,53.31827,-6.2789,0.0,1385.0,1350.0
1322638153_restaurant,53.31819,-6.27878,0.0,1395.0,1360.0
370213807_restaurant,53.34831,-6.27711,0.0,1102.0,1084.0
1430846977_restaurant,53.28116,-6.27569,0.0,1805.0,1766.0
1403881044_restaurant,53.33091,-6.27513,0.0,1251.0,1216.0
1219567134_restaurant,53.312,-6.27485,0.0,1432.0,1397.0
1218862895_restaurant,53.31139,-6.27443,0.0,1442.0,1407.0
1030099785_restaurant,53.31195,-6.27428,0.0,1432.0,1397.0
662841494_restaurant,53.36604,-6.272,0.0,1059.0,1042.0
943429464_restaurant,53.32991,-6.27171,0.0,1287.0,1252.0
583412899_restaurant,53.34316,-6.27013,0.0,1139.0,1116.0
1419171136_restaurant,53.34374,-6.27008,0.0,1134.0,1116.0
1512567285_restaurant,53.34335,-6.26923,0.0,1136.0,1167.0
279464598_restaurant,53.3301,-6.2691,0.0,1292.0,1263.0
1226187226_restaurant,53.34878,-6.2688,0.0,1090.0,1106.0
583412897_restaurant,53.34073,-6.26865,0.0,1181.0,1143.0
650223056_restaurant,53.34713,-6.26825,0.0,1090.0,1087.0
631815620_restaurant,53.34505,-6.26772,0.0,1116.0,1115.0
1243148216_restaurant,53.34426,-6.26745,0.0,1129.0,1139.0
862072861_restaurant,53.34412,-6.26737,0.0,1115.0,1125.0
1514079575_restaurant,53.34449,-6.26729,0.0,1117.0,1139.0
1426048606_restaurant,53.34432,-6.26718,0.0,1134.0,1144.0
310406247_restaurant,53.34444,-6.26689,0.0,1139.0,1146.0
564413700_restaurant,53.32211,-6.26655,0.0,1416.0,1348.0
660248651_restaurant,53.32153,-6.26638,0.0,1409.0,1341.0
434153497_restaurant,53.34426,-6.26628,0.0,1123.0,1126.0
768516172_restaurant,53.3438,-6.26625,0.0,1123.0,1110.0
1194586461_restaurant,53.32164,-6.26603,0.0,1390.0,1322.0
875920650_restaurant,53.33752,-6.26599,0.0,1219.0,1164.0
1418488476_restaurant,53.34143,-6.26575,0.0,1178.0,1131.0
310407929_restaurant,53.34426,-6.26572,0.0,1134.0,1135.0
740579439_restaurant,53.33689,-6.2657,0.0,1212.0,1165.0
632980303_restaurant,53.34489,-6.26568,0.0,1129.0,1119.0
946832779_restaurant,53.34127,-6.26563,0.0,1180.0,1133.0
1146292447_restaurant,53.34034,-6.26559,0.0,1181.0,1134.0
670340763_restaurant,53.34746,-6.26558,0.0,1127.0,1067.0
631808713_restaurant,53.34738,-6.26557,0.0,1126.0,1075.0
310406627_restaurant,53.34426,-6.26556,0.0,1127.0,1127.0
911195156_restaurant,53.33606,-6.26553,0.0,1218.0,1173.0
503224356_restaurant,53.33734,-6.26553,0.0,1232.0,1180.0
651797608_restaurant,53.33641,-6.2655,0.0,1210.0,1163.0
1426100406_restaurant,53.34709,-6.26546,0.0,1120.0,1069.0
1146292464_restaurant,53.34123,-6.26535,0.0,1181.0,1134.0
631980911_restaurant,53.34683,-6.26535,0.0,1117.0,1060.0
567713112_restaurant,53.34406,-6.26533,0.0,1134.0,1134.0
1399561327_restaurant,53.34661,-6.26529,0.0,1126.0,1077.0
660241865_restaurant,53.32383,-6.26526,0.0,1372.0,1304.0
1426051341_restaurant,53.34702,-6.26522,0.0,1129.0,1075.0
480606968_restaurant,53.34635,-6.2652,0.0,1098.0,1051.0
1316646485_restaurant,53.33393,-6.26513,0.0,1247.0,1200.0
567713117_restaurant,53.34406,-6.26513,0.0,1142.0,1134.0
628645926_restaurant,53.34158,-6.2651,0.0,1180.0,1133.0
567740010_restaurant,53.34487,-6.26509,0.0,-1.0,-1.0
747077984_restaurant,53.3352,-6.26506,0.0,1227.0,1180.0
567713107_restaurant,53.34406,-6.26502,0.0,1137.0,1129.0
613230587_restaurant,53.34513,-6.26501,0.0,1145.0,1125.0
1082061533_restaurant,53.34562,-6.265,0.0,1113.0,1107.0
632980279_restaurant,53.34637,-6.26499,0.0,1104.0,1055.0
642439078_restaurant,53.34548,-6.26488,0.0,1126.0,1109.0
564574224_restaurant,53.31913,-6.26478,0.0,1418.0,1350.0
646873640_restaurant,53.33647,-6.26473,0.0,1240.0,1193.0
641807379_restaurant,53.34261,-6.26464,0.0,1149.0,1100.0
875920648_restaurant,53.3365,-6.26456,0.0,1234.0,1200.0
880900094_restaurant,53.34308,-6.26454,0.0,1146.0,1099.0
1373915565_restaurant,53.34641,-6.26447,0.0,-1.0,-1.0
778699195_restaurant,53.33108,-6.26434,0.0,1287.0,1216.0
880897739_restaurant,53.34297,-6.26433,0.0,1144.0,1097.0
446782704_restaurant,53.34198,-6.26432,0.0,1174.0,1127.0
559854618_restaurant,53.34371,-6.2643,0.0,1144.0,1109.0
559854619_restaurant,53.3436,-6.26429,0.0,1154.0,1119.0
559854611_restaurant,53.3433,-6.26428,0.0,1166.0,1119.0
778699200_restaurant,53.33056,-6.26425,0.0,1302.0,1231.0
1399556569_restaurant,53.3543,-6.26422,0.0,1074.0,987.0
778690161_restaurant,53.3334,-6.26422,0.0,1274.0,1248.0
875920646_restaurant,53.33639,-6.26416,0.0,1223.0,1189.0
310408465_restaurant,53.34207,-6.26412,0.0,1184.0,1128.0
642439081_restaurant,53.34561,-6.26408,0.0,1139.0,1122.0
911182454_restaurant,53.34243,-6.26403,0.0,1171.0,1124.0
634585053_restaurant,53.34353,-6.26387,0.0,1176.0,1121.0
646874031_restaurant,53.33641,-6.26385,0.0,1237.0,1203.0
875920647_restaurant,53.33655,-6.26365,0.0,1250.0,1196.0
1226182113_restaurant,53.34663,-6.2636,0.0,-1.0,-1.0
310407193_restaurant,53.34313,-6.26359,0.0,1157.0,1102.0
650240084_restaurant,53.35462,-6.26355,0.0,1034.0,982.0
660285680_restaurant,53.33633,-6.26354,0.0,1250.0,1196.0
1357754366_restaurant,53.34503,-6.26345,0.0,-1.0,-1.0
664033535_restaurant,53.34767,-6.26342,0.0,1124.0,1083.0
446781985_restaurant,53.34313,-6.26341,0.0,1166.0,1111.0
650240121_restaurant,53.35184,-6.26337,0.0,1058.0,1015.0
1402160744_restaurant,53.34121,-6.26331,0.0,1181.0,1134.0
446782461_restaurant,53.34226,-6.26293,0.0,1185.0,1111.0
646874034_restaurant,53.33739,-6.26288,0.0,1254.0,1176.0
775415429_restaurant,53.33423,-6.26287,0.0,1264.0,1213.0
1418490827_restaurant,53.34309,-6.26286,0.0,1150.0,1083.0
446782627_restaurant,53.34239,-6.26284,0.0,1188.0,1117.0
434153472_restaurant,53.3402,-6.26266,0.0,-1.0,1168.0
1538283966_restaurant,53.3411,-6.2626,0.0,1192.0,1137.0
862065460_restaurant,53.3436,-6.26232,0.0,1177.0,1088.0
559485126_restaurant,53.34568,-6.26206,0.0,1115.0,1130.0
1410487511_restaurant,53.34499,-6.26198,0.0,1198.0,1131.0
278857702_restaurant,53.34572,-6.26193,0.0,1110.0,1125.0
310409691_restaurant,53.34125,-6.2618,0.0,1227.0,1179.0
862065463_restaurant,53.34344,-6.26175,0.0,1180.0,1069.0
862072865_restaurant,53.34353,-6.26165,0.0,1177.0,1066.0
278857703_restaurant,53.34552,-6.26162,0.0,1120.0,1137.0
434177109_restaurant,53.34105,-6.26141,0.0,1216.0,1165.0
871838156_restaurant,53.34307,-6.26139,0.0,1189.0,1186.0
1505143165_restaurant,53.33923,-6.26137,0.0,1259.0,1155.0
676828362_restaurant,53.33948,-6.26118,0.0,1303.0,1179.0
291776686_restaurant,53.34834,-6.26097,0.0,1114.0,1080.0
279912234_restaurant,53.3511,-6.26046,0.0,1125.0,1103.0
292181486_restaurant,53.29655,-6.26019,0.0,1668.0,1633.0
644896724_restaurant,53.36191,-6.25962,0.0,991.0,933.0
496300868_restaurant,53.33983,-6.25946,0.0,1273.0,1183.0
946544302_restaurant,53.38664,-6.25946,0.0,1011.0,989.0
703871333_restaurant,53.3523,-6.25907,0.0,1053.0,1028.0
1348371008_restaurant,53.34621,-6.25881,0.0,1142.0,1082.0
877759898_restaurant,53.3402,-6.2588,0.0,1262.0,1205.0
877760039_restaurant,53.34022,-6.25879,0.0,1262.0,1205.0
877759869_restaurant,53.34042,-6.25872,0.0,1274.0,1217.0
637006462_restaurant,53.36285,-6.25866,0.0,947.0,958.0
662975431_restaurant,53.35371,-6.25854,0.0,1032.0,1012.0
877760065_restaurant,53.33996,-6.25849,0.0,1264.0,1207.0
503224358_restaurant,53.34185,-6.2583,0.0,1272.0,1231.0
906201895_restaurant,53.33943,-6.25814,0.0,1253.0,1177.0
681428500_restaurant,53.34266,-6.25781,0.0,1283.0,1081.0
877772681_restaurant,53.34483,-6.25749,0.0,1248.0,1209.0
366363185_restaurant,53.34067,-6.25722,0.0,1312.0,1216.0
907142990_restaurant,53.33924,-6.25704,0.0,1256.0,1188.0
650176881_restaurant,53.36643,-6.2569,0.0,936.0,916.0
446783098_restaurant,53.33966,-6.25625,0.0,1301.0,1226.0
564118882_restaurant,53.32627,-6.25605,0.0,1339.0,1282.0
564118846_restaurant,53.32568,-6.25561,0.0,1360.0,1303.0
633541096_restaurant,53.33831,-6.25525,0.0,1264.0,1206.0
642990316_restaurant,53.36756,-6.25522,0.0,928.0,908.0
1348263243_restaurant,53.33837,-6.2548,0.0,1307.0,1212.0
644666356_restaurant,53.3582,-6.25475,0.0,1004.0,983.0
1348263240_restaurant,53.33847,-6.25453,0.0,1299.0,1204.0
644667535_restaurant,53.35897,-6.25446,0.0,1018.0,997.0
565696531_restaurant,53.32494,-6.25439,0.0,1358.0,1305.0
576102937_restaurant,53.33478,-6.25438,0.0,1246.0,1213.0
565696528_restaurant,53.32491,-6.25432,0.0,1362.0,1309.0
687475951_restaurant,53.33822,-6.25432,0.0,1315.0,1220.0
650378943_restaurant,53.325,-6.25412,0.0,1362.0,1309.0
564945484_restaurant,53.32481,-6.25409,0.0,1357.0,1312.0
576085741_restaurant,53.338,-6.25394,0.0,1240.0,1224.0
606179823_restaurant,53.33749,-6.25393,0.0,1225.0,1197.0
616480817_restaurant,53.33842,-6.2531,0.0,1214.0,1198.0
1426048611_restaurant,53.32436,-6.25302,0.0,1358.0,1317.0
1350207398_restaurant,53.37213,-6.25251,0.0,896.0,876.0
941376924_restaurant,53.37228,-6.25243,0.0,892.0,872.0
1291030164_restaurant,53.324,-6.25185,0.0,1354.0,1316.0
583412900_restaurant,53.33769,-6.25182,0.0,1232.0,1229.0
692434329_restaurant,53.32538,-6.25176,0.0,1390.0,1352.0
576100332_restaurant,53.33739,-6.25169,0.0,1244.0,1249.0
633650971_restaurant,53.33139,-6.25163,0.0,1285.0,1260.0
1082217893_restaurant,53.3378,-6.25159,0.0,1234.0,1239.0
616479739_restaurant,53.33856,-6.25146,0.0,1234.0,1205.0
676833912_restaurant,53.35068,-6.25139,0.0,1133.0,1106.0
339208248_restaurant,53.33641,-6.25139,0.0,1270.0,1265.0
692434317_restaurant,53.3427,-6.25004,0.0,1190.0,1159.0
650381889_restaurant,53.32322,-6.24976,0.0,1359.0,1321.0
1534008653_restaurant,53.35158,-6.24934,0.0,1092.0,1089.0
576111231_restaurant,53.33624,-6.24855,0.0,1296.0,1237.0
467744867_restaurant,53.33339,-6.24806,0.0,-1.0,-1.0
940033662_restaurant,53.3486,-6.2479,0.0,1149.0,1155.0
613116180_restaurant,53.33577,-6.24773,0.0,1320.0,1275.0
946515065_restaurant,53.33929,-6.24578,0.0,1233.0,1213.0
948046581_restaurant,53.3382,-6.24536,0.0,1226.0,1206.0
957113280_restaurant,53.34094,-6.24519,0.0,1194.0,1174.0
319356356_restaurant,53.33375,-6.24502,0.0,1295.0,1278.0
775278617_restaurant,53.46054,-6.24488,0.0,652.0,621.0
903643059_restaurant,53.3429,-6.24478,0.0,1171.0,1151.0
725530734_restaurant,53.34784,-6.24386,0.0,1138.0,1117.0
1497890059_restaurant,53.34957,-6.24381,0.0,1161.0,1201.0
725122069_restaurant,53.34959,-6.24351,0.0,1147.0,1187.0
722253914_restaurant,53.34761,-6.2435,0.0,1152.0,1131.0
725068605_restaurant,53.34925,-6.24297,0.0,1149.0,1189.0
576115236_restaurant,53.33726,-6.23932,0.0,1272.0,1252.0
899295395_restaurant,53.34292,-6.23891,0.0,1245.0,1225.0
598108530_restaurant,53.32267,-6.23865,0.0,1365.0,1327.0
1165325184_restaurant,53.34422,-6.23676,0.0,-1.0,1221.0
660699274_restaurant,53.30456,-6.2343,0.0,1569.0,1520.0
688077765_restaurant,53.31224,-6.23423,0.0,1582.0,1533.0
433082786_restaurant,53.33733,-6.23324,0.0,1266.0,1246.0
639076146_restaurant,53.47129,-6.23281,0.0,657.0,636.0
1420144058_restaurant,53.32807,-6.23266,0.0,-1.0,-1.0
576619723_restaurant,53.32963,-6.2324,0.0,1343.0,1305.0
1426821203_restaurant,53.32991,-6.23229,0.0,1338.0,1300.0
1426821201_restaurant,53.32987,-6.23224,0.0,1337.0,1299.0
444539820_restaurant,53.47125,-6.23222,0.0,655.0,627.0
312577789_restaurant,53.32952,-6.23212,0.0,1313.0,1293.0
576619740_restaurant,53.33021,-6.23209,0.0,1328.0,1308.0
576619764_restaurant,53.33038,-6.23208,0.0,1313.0,1293.0
576619760_restaurant,53.33053,-6.23208,0.0,1314.0,1294.0
650361174_restaurant,53.32918,-6.23147,0.0,1318.0,1298.0
576619755_restaurant,53.3292,-6.2309,0.0,1333.0,1313.0
576619745_restaurant,53.32897,-6.23026,0.0,1347.0,1327.0
1393762622_restaurant,53.32779,-6.23021,0.0,-1.0,-1.0
576619773_restaurant,53.32872,-6.22921,0.0,1349.0,1329.0
927243606_restaurant,53.44474,-6.22677,0.0,540.0,536.0
504988941_restaurant,53.26998,-6.22464,0.0,1801.0,1865.0
257519931_restaurant,53.30811,-6.22427,0.0,1560.0,1522.0
922011591_restaurant,53.45796,-6.22108,0.0,469.0,454.0
504987696_restaurant,53.27637,-6.2207,0.0,1833.0,1808.0
1116299286_restaurant,53.30542,-6.22067,0.0,-1.0,-1.0
504805931_restaurant,53.45854,-6.22018,0.0,471.0,456.0
1518906874_restaurant,53.45726,-6.21995,0.0,457.0,442.0
456994544_restaurant,53.45803,-6.21959,0.0,463.0,448.0
891516411_restaurant,53.37639,-6.21756,0.0,921.0,894.0
654042894_restaurant,53.3317,-6.21594,0.0,1424.0,1404.0
1529996784_restaurant,53.38362,-6.21557,0.0,917.0,881.0
654042896_restaurant,53.33228,-6.21506,0.0,1400.0,1382.0
146266170_restaurant,53.2966,-6.21096,0.0,1621.0,1593.0
504979777_restaurant,53.2782,-6.21063,0.0,1769.0,1855.0
1530024633_restaurant,53.38116,-6.20819,0.0,828.0,799.0
1426131462_restaurant,53.61363,-6.20684,0.0,1454.0,1447.0
31901640_restaurant,53.28848,-6.20502,0.0,1666.0,1703.0
1521660942_restaurant,53.38884,-6.20095,0.0,752.0,719.0
1521660941_restaurant,53.3897,-6.20078,0.0,754.0,721.0
660463968_restaurant,53.28857,-6.19777,0.0,1583.0,1625.0
959243564_restaurant,53.25959,-6.19697,0.0,1939.0,2013.0
599636125_restaurant,53.27932,-6.19681,0.0,1636.0,1698.0
460016143_restaurant,53.35922,-6.19571,0.0,1028.0,1007.0
1121241498_restaurant,53.61099,-6.18568,0.0,1359.0,1347.0
460016140_restaurant,53.36076,-6.1829,0.0,1086.0,1063.0
460016141_restaurant,53.36107,-6.18222,0.0,-1.0,-1.0
662938519_restaurant,53.30145,-6.17738,0.0,1661.0,1672.0
662970909_restaurant,53.30108,-6.17725,0.0,1637.0,1645.0
624113692_restaurant,53.2875,-6.17612,0.0,1708.0,1760.0
609706457_restaurant,53.2876,-6.17606,0.0,1702.0,1754.0
689360378_restaurant,53.40343,-6.17125,0.0,572.0,553.0
689360371_restaurant,53.40343,-6.17095,0.0,558.0,539.0
646856513_restaurant,53.26809,-6.16633,0.0,-1.0,-1.0
486684459_restaurant,53.52616,-6.16398,0.0,1224.0,1204.0
689404005_restaurant,53.42024,-6.16386,0.0,379.0,358.0
597822544_restaurant,53.40291,-6.15787,0.0,539.0,520.0
727427084_restaurant,53.29363,-6.15458,0.0,1743.0,1750.0
550382625_restaurant,53.45482,-6.1536,0.0,95.0,95.0
727427334_restaurant,53.29405,-6.1535,0.0,1749.0,1756.0
1074284507_restaurant,53.26093,-6.15031,0.0,1828.0,1845.0
689479327_restaurant,53.48615,-6.149,0.0,988.0,949.0
689479330_restaurant,53.48647,-6.1489,0.0,992.0,953.0
482107331_restaurant,53.38668,-6.14748,0.0,780.0,761.0
658491930_restaurant,53.29312,-6.13834,0.0,1824.0,1831.0
611029173_restaurant,53.29482,-6.1353,0.0,-1.0,-1.0
593844510_restaurant,53.29415,-6.13366,0.0,-1.0,-1.0
611029171_restaurant,53.29399,-6.13304,0.0,1871.0,1877.0
611029164_restaurant,53.29566,-6.13292,0.0,1962.0,1919.0
611029168_restaurant,53.29383,-6.13276,0.0,-1.0,-1.0
611761749_restaurant,53.29378,-6.13265,0.0,-1.0,-1.0
610843622_restaurant,53.28983,-6.13071,0.0,1880.0,1873.0
658492356_restaurant,53.28949,-6.12996,0.0,1896.0,1886.0
610843612_restaurant,53.28966,-6.12982,0.0,1897.0,1887.0
710676748_restaurant,53.43244,-6.12521,0.0,367.0,344.0
937232528_restaurant,53.43364,-6.1248,0.0,367.0,344.0
648065834_restaurant,53.28708,-6.12271,0.0,1900.0,1904.0
648065934_restaurant,53.28664,-6.12168,0.0,1936.0,1940.0
648094673_restaurant,53.28619,-6.1186,0.0,1934.0,1940.0
1039620431_restaurant,53.47902,-6.11495,0.0,1240.0,1201.0
1425978368_restaurant,53.27844,-6.10743,0.0,2047.0,2062.0
1191277796_restaurant,53.58533,-6.1051,0.0,1807.0,1791.0
862041785_restaurant,53.38949,-6.07304,0.0,-1.0,-1.0
1225556177_restaurant,53.39044,-6.07178,0.0,-1.0,-1.0
1225557189_restaurant,53.39051,-6.07171,0.0,-1.0,-1.0
257170539_restaurant,53.39097,-6.07114,0.0,-1.0,-1.0
862041778_restaurant,53.39234,-6.06956,0.0,-1.0,-1.0
880923547_restaurant,53.38719,-6.06624,0.0,-1.0,-1.0
880923515_restaurant,53.38832,-6.06415,0.0,-1.0,-1.0
880923551_restaurant,53.38833,-6.06377,0.0,-1.0,-1.0
1485770446_supermarket,53.37128,-6.4883,0.0,-1.0,-1.0
664490914_supermarket,53.27938,-6.4454,0.0,1763.0,1814.0
335579068_supermarket,53.28043,-6.44502,0.0,1755.0,1806.0
597697553_supermarket,53.34069,-6.43222,0.0,1535.0,1542.0
1425052213_supermarket,53.28285,-6.42305,0.0,1749.0,1734.0
263367123_supermarket,53.34761,-6.422,0.0,1533.0,1542.0
765685571_supermarket,53.39279,-6.42036,0.0,1470.0,1464.0
1264001281_supermarket,53.34762,-6.4078,0.0,1359.0,1358.0
658999939_supermarket,53.40303,-6.39849,0.0,1321.0,1282.0
1512943351_supermarket,53.34434,-6.39799,0.0,1445.0,1448.0
988852242_supermarket,53.3938,-6.39107,0.0,-1.0,-1.0
1076642051_supermarket,53.2864,-6.3904,0.0,1723.0,1707.0
988852237_supermarket,53.39173,-6.38824,0.0,-1.0,-1.0
681465300_supermarket,53.35403,-6.38735,0.0,1442.0,1448.0
1532673674_supermarket,53.39083,-6.38526,0.0,1238.0,1236.0
138099058_supermarket,53.41998,-6.38205,0.0,1524.0,1452.0
1171035974_supermarket,53.38878,-6.38084,0.0,1196.0,1201.0
681467039_supermarket,53.35019,-6.37994,0.0,1359.0,1381.0
249338235_supermarket,53.38618,-6.37881,0.0,1240.0,1249.0
983302034_supermarket,53.28347,-6.37591,0.0,1735.0,1712.0
770873264_supermarket,53.28699,-6.37304,0.0,1675.0,1655.0
1420913522_supermarket,53.27591,-6.3663,0.0,1869.0,1842.0
1424006106_supermarket,53.2988,-6.35987,0.0,1678.0,1662.0
662301991_supermarket,53.28119,-6.34189,0.0,1783.0,1757.0
778170439_supermarket,53.32411,-6.33613,0.0,1618.0,1579.0
441233509_supermarket,53.37632,-6.33313,0.0,1258.0,1275.0
1494358165_supermarket,53.29912,-6.32152,0.0,1718.0,1683.0
335980360_supermarket,53.33933,-6.31991,0.0,1297.0,1257.0
1500501199_supermarket,53.31555,-6.31833,0.0,1580.0,1581.0
257168820_supermarket,53.39869,-6.3046,0.0,1007.0,1019.0
739965045_supermarket,53.40314,-6.30313,0.0,1009.0,1020.0
147086244_supermarket,53.33032,-6.30131,0.0,1400.0,1401.0
1500342036_supermarket,53.29068,-6.29845,0.0,1707.0,1672.0
975302715_supermarket,53.34433,-6.29697,0.0,1209.0,1189.0
1425374426_supermarket,53.29747,-6.29678,0.0,1641.0,1606.0
1430847123_supermarket,53.33069,-6.29624,0.0,1416.0,1419.0
1426100407_supermarket,53.33664,-6.28749,0.0,1243.0,1244.0
325783580_supermarket,53.35631,-6.28675,0.0,1155.0,1132.0
518893601_supermarket,53.34699,-6.28235,0.0,1127.0,1109.0
1426048603_supermarket,53.34315,-6.28023,0.0,1151.0,1144.0
559286282_supermarket,53.34852,-6.27957,0.0,1099.0,1115.0
1226171155_supermarket,53.34275,-6.27878,0.0,1141.0,1120.0
370213860_supermarket,53.34929,-6.27839,0.0,-1.0,-1.0
768519995_supermarket,53.34964,-6.27673,0.0,1079.0,1082.0
584990883_supermarket,53.33789,-6.27668,0.0,1226.0,1207.0
956048077_supermarket,53.3623,-6.27316,0.0,1086.0,1047.0
659803043_supermarket,53.28966,-6.26781,0.0,1813.0,1761.0
971982648_supermarket,53.34652,-6.2675,0.0,1108.0,1067.0
564413752_supermarket,53.32227,-6.2659,0.0,1396.0,1328.0
507962496_supermarket,53.27766,-6.2657,0.0,1869.0,1830.0
582754944_supermarket,53.35086,-6.26563,0.0,1073.0,1048.0
470326920_supermarket,53.35042,-6.26559,0.0,1092.0,1073.0
1496722630_supermarket,53.38562,-6.2655,0.0,1009.0,975.0
706180236_supermarket,53.32533,-6.26534,0.0,1378.0,1310.0
646873365_supermarket,53.3362,-6.26526,0.0,1222.0,1175.0
974547643_supermarket,53.34762,-6.26524,0.0,1128.0,1068.0
311344008_supermarket,53.34807,-6.26522,0.0,1160.0,1100.0
631980968_supermarket,53.34689,-6.2651,0.0,1124.0,1067.0
739756782_supermarket,53.33415,-6.26502,0.0,1246.0,1199.0
932249272_supermarket,53.32338,-6.26492,0.0,1386.0,1318.0
1426048599_supermarket,53.32527,-6.26482,0.0,1368.0,1302.0
311343801_supermarket,53.34844,-6.26432,0.0,1128.0,1092.0
311994584_supermarket,53.3429,-6.2642,0.0,1157.0,1110.0
434379754_supermarket,53.35156,-6.26381,0.0,1046.0,1007.0
1350207393_supermarket,53.35749,-6.26357,0.0,984.0,964.0
700430922_supermarket,53.35123,-6.26341,0.0,1064.0,1025.0
446781985_supermarket,53.34313,-6.26341,0.0,1166.0,1111.0
434379755_supermarket,53.35109,-6.26327,0.0,1067.0,1028.0
1350207380_supermarket,53.35948,-6.26126,0.0,972.0,957.0
1430847286_supermarket,53.33979,-6.26114,0.0,-1.0,1257.0
1496743860_supermarket,53.40394,-6.2607,0.0,908.0,918.0
1416733988_supermarket,53.29645,-6.26028,0.0,1688.0,1653.0
1155686452_supermarket,53.34567,-6.26016,0.0,1121.0,1145.0
677596889_supermarket,53.35031,-6.26013,0.0,1069.0,1072.0
566516597_supermarket,53.35486,-6.25721,0.0,1025.0,1004.0
565749701_supermarket,53.32106,-6.25608,0.0,1414.0,1355.0
311990203_supermarket,53.32572,-6.25506,0.0,1356.0,1299.0
907043575_supermarket,53.35317,-6.25465,0.0,1054.0,1033.0
492027541_supermarket,53.36937,-6.25404,0.0,927.0,905.0
560470679_supermarket,53.35116,-6.25241,0.0,1095.0,1056.0
1430846981_supermarket,53.33786,-6.25173,0.0,1239.0,1236.0
796766070_supermarket,53.29059,-6.24542,0.0,1773.0,1731.0
281174464_supermarket,53.34331,-6.24415,0.0,1187.0,1167.0
387223332_supermarket,53.34887,-6.24372,0.0,1149.0,1189.0
524319289_supermarket,53.45211,-6.24349,0.0,710.0,695.0
681742375_supermarket,53.39881,-6.24315,0.0,811.0,778.0
1416734129_supermarket,53.28679,-6.24218,0.0,1754.0,1712.0
648004328_supermarket,53.32415,-6.24011,0.0,1353.0,1315.0
281174255_supermarket,53.34324,-6.23883,0.0,1272.0,1252.0
1508870446_supermarket,53.37055,-6.23878,0.0,950.0,930.0
296449236_supermarket,53.44664,-6.23808,0.0,656.0,656.0
683113636_supermarket,53.30521,-6.23662,0.0,1541.0,1500.0
291594604_supermarket,53.34028,-6.23624,0.0,1272.0,1252.0
296511406_supermarket,53.471,-6.23167,0.0,670.0,650.0
966238363_supermarket,53.39775,-6.23018,0.0,836.0,840.0
473396241_supermarket,53.46263,-6.22967,0.0,659.0,644.0
312568603_supermarket,53.3412,-6.22612,0.0,1298.0,1278.0
445514567_supermarket,53.27653,-6.22383,0.0,1862.0,1833.0
681742416_supermarket,53.4543,-6.22353,0.0,492.0,477.0
1038260891_supermarket,53.26084,-6.22055,0.0,1955.0,2015.0
1399840315_supermarket,53.4571,-6.21969,0.0,465.0,450.0
445513724_supermarket,53.27828,-6.21646,0.0,-1.0,-1.0
312572517_supermarket,53.33318,-6.21634,0.0,1381.0,1363.0
1529996831_supermarket,53.38325,-6.2151,0.0,925.0,894.0
447824519_supermarket,53.37036,-6.20642,0.0,997.0,969.0
1426131461_supermarket,53.61308,-6.20621,0.0,1451.0,1444.0
1420119533_supermarket,53.28896,-6.20075,0.0,1636.0,1673.0
443123777_supermarket,53.44551,-6.20067,0.0,450.0,449.0
1520326681_supermarket,53.28818,-6.19849,0.0,1668.0,1661.0
959243529_supermarket,53.25921,-6.19767,0.0,1990.0,2056.0
1324451175_supermarket,53.60728,-6.19693,0.0,1411.0,1397.0
410715220_supermarket,53.36163,-6.19473,0.0,1020.0,997.0
859123855_supermarket,53.39611,-6.18919,0.0,813.0,695.0
560621652_supermarket,53.6118,-6.18641,0.0,1400.0,1388.0
560621651_supermarket,53.60933,-6.18292,0.0,1382.0,1370.0
1425999502_supermarket,53.30075,-6.18184,0.0,1722.0,1690.0
1425999503_supermarket,53.30162,-6.17988,0.0,1644.0,1655.0
187768500_supermarket,53.40096,-6.17969,0.0,724.0,704.0
560623701_supermarket,53.60545,-6.1795,0.0,1443.0,1429.0
595561961_supermarket,53.40488,-6.17841,0.0,571.0,532.0
482112992_supermarket,53.38869,-6.16715,0.0,733.0,714.0
948922429_supermarket,53.38116,-6.16552,0.0,859.0,840.0
486683288_supermarket,53.52625,-6.16414,0.0,1208.0,1188.0
946026574_supermarket,53.39462,-6.16227,0.0,763.0,744.0
598161758_supermarket,53.39462,-6.16227,0.0,763.0,744.0
474728394_supermarket,53.26606,-6.15989,0.0,1832.0,1875.0
689479301_supermarket,53.48679,-6.1489,0.0,992.0,953.0
982264606_supermarket,53.45061,-6.14349,0.0,110.0,87.0
482112375_supermarket,53.38817,-6.14044,0.0,834.0,815.0
610843615_supermarket,53.293,-6.1393,0.0,1811.0,1849.0
1411222303_supermarket,53.26749,-6.13558,0.0,1959.0,2033.0
479986267_supermarket,53.58149,-6.13531,0.0,1780.0,1760.0
1425999504_supermarket,53.29229,-6.1352,0.0,1856.0,1849.0
1411222305_supermarket,53.25648,-6.13421,0.0,1961.0,2052.0
523863154_supermarket,53.43469,-6.13044,0.0,397.0,376.0
1430145811_supermarket,53.39004,-6.1098,0.0,-1.0,-1.0
472694728_supermarket,53.57069,-6.10598,0.0,1785.0,1763.0
946860375_supermarket,53.37255,-6.05876,0.0,-1.0,-1.0
